34 2
12 -0.429071 0.2488
0 -1.21558 1.45028
26 0.28753 -0.052589
33 0.0841272 -0.11363
24 0.411187 0.100557
25 0.472721 -0.11395
31 0.324357 -0.239446
23 -0.0116221 -0.316008
8 0.233653 -0.0617143
11 -0.139096 0.277368
13 0.0811165 -0.043458
9 -0.0255907 -0.0458171
17 -0.497508 0.41817
22 0.164659 -0.105925
32 0.317157 -0.110673
18 0.0913857 0.0233559
2 0.479653 -0.0926603
19 0.116704 0.052875
14 0.0946542 -0.077964
28 0.0218518 -0.0115552
10 -0.455817 0.179645
20 -0.0619671 -0.129846
4 0.133054 -0.0518104
5 -0.165294 0.0216265
1 -0.0611042 -0.288396
21 -0.384209 0.148673
7 -0.192668 0.185104
3 0.279947 -0.104883
30 0.262068 0.0165983
6 0.00952893 -0.0130095
16 -0.285984 -0.0782468
29 0.217356 -0.0604948
15 0.153574 -0.127633
27 0.185195 0.0431902
